# GHS Optimization
# Hugo Andres Dorado, Reserach at CIAT and master student Unicauca

"iter"	"Cultivar"	"Seed_treatment"	"Tillage_type"	"Numb_weeding"	"Numb_postHarv_herb"	"Numb_rastreo"	"Numb_preSow_herb"	"Numb_fertilizations"	"Numb_applic_foliar"	"Numb_applic_biofer"	"Num_postSow_herb"	"Numb_insecticides"	"Total_nitrogen"	"Total_phosphorus"	"Total_potassium"	"fitness"
1	"P4082W"	"S1"	"LabCeroMin"	4	1	4	2	3	0	3	2	2	218.8331114743	80.6672067609103	64.5950269885361	4.67686938095238
2	"DEKAL"	"S0"	"AgrCons"	2	2	4	1	0	2	0	3	4	95.3224080279469	5.49436166427564	19.1386418533511	4.56183766666666
3	"CRIOLLO"	"S0"	"LabConvTra"	2	0	2	0	2	1	0	2	2	54.9357311158907	27.5212311453465	65.3002748731524	3.45188238095238
4	"CRIOLLO"	"S1"	"AgrCons"	2	2	2	2	1	1	3	3	1	68.6090854627732	38.2810052489769	4.21624300070107	3.32933166666667
5	"CRIOLLO"	"S0"	"LabCeroMin"	1	0	1	2	0	1	3	3	2	56.1066020993982	48.0415054308204	6.96750454371795	3.21623019047619
6	"P4082W"	"S1"	"LabCeroMin"	2	2	4	2	2	1	3	1	4	218.8331114743	119.770679499186	65.3002748731524	4.74500104761904
7	"P4082W"	"S1"	"LabCeroMin"	2	2	4	2	2	1	3	1	4	218.8331114743	119.770679499186	65.3002748731524	4.74500104761904
8	"P4082W"	"S1"	"AgrCons"	2	2	4	2	2	2	3	3	4	218.8331114743	119.770679499186	64.5950269885361	4.83486804761904
9	"P4082W"	"S1"	"AgrCons"	2	2	4	2	2	2	3	3	4	218.8331114743	119.770679499186	64.5950269885361	4.83486804761904
10	"P4082W"	"S1"	"AgrCons"	2	2	4	2	2	2	3	3	4	218.8331114743	119.770679499186	64.5950269885361	4.83486804761904
11	"P4082W"	"S1"	"AgrCons"	2	2	4	2	2	2	3	3	4	218.8331114743	119.770679499186	64.5950269885361	4.83486804761904
12	"P4082W"	"S1"	"AgrCons"	2	2	4	2	2	2	3	3	4	218.8331114743	119.770679499186	64.5950269885361	4.83486804761904
13	"P4082W"	"S1"	"AgrCons"	2	2	4	2	2	2	3	3	4	218.8331114743	119.770679499186	64.5950269885361	4.83486804761904
14	"P4082W"	"S1"	"AgrCons"	2	2	4	2	2	2	3	3	4	218.8331114743	119.770679499186	64.5950269885361	4.83486804761904
15	"P4082W"	"S1"	"AgrCons"	2	2	4	2	2	2	3	3	4	218.8331114743	119.770679499186	64.5950269885361	4.83486804761904
16	"P4082W"	"S1"	"AgrCons"	2	2	4	2	2	2	3	3	4	218.8331114743	119.770679499186	64.5950269885361	4.83486804761904
17	"P4082W"	"S1"	"AgrCons"	2	2	4	2	2	2	3	3	4	218.8331114743	119.770679499186	64.5950269885361	4.83486804761904
18	"P4082W"	"S1"	"AgrCons"	2	2	4	2	2	2	3	3	4	218.8331114743	119.770679499186	64.5950269885361	4.83486804761904
19	"P4082W"	"S1"	"AgrCons"	2	2	4	2	2	2	3	3	4	218.8331114743	119.770679499186	64.5950269885361	4.83486804761904
20	"P4082W"	"S1"	"AgrCons"	2	2	4	2	2	2	3	3	4	218.8331114743	119.770679499186	64.5950269885361	4.83486804761904
21	"P4082W"	"S1"	"AgrCons"	2	2	4	2	2	2	3	3	4	218.8331114743	119.770679499186	64.5950269885361	4.83486804761904
22	"P4082W"	"S1"	"AgrCons"	2	2	4	2	2	2	3	3	4	218.8331114743	119.770679499186	64.5950269885361	4.83486804761904
23	"P4082W"	"S1"	"AgrCons"	2	2	4	2	2	2	3	3	4	218.8331114743	119.770679499186	64.5950269885361	4.83486804761904
24	"P4082W"	"S1"	"AgrCons"	2	2	4	2	2	2	3	3	4	218.8331114743	119.770679499186	64.5950269885361	4.83486804761904
25	"P4082W"	"S1"	"AgrCons"	1	2	4	2	3	2	3	3	4	218.8331114743	119.770679499186	65.3002748731524	4.86349004761904
26	"P4082W"	"S1"	"AgrCons"	1	2	4	2	3	2	3	3	4	218.8331114743	119.770679499186	65.3002748731524	4.86349004761904
27	"P4082W"	"S1"	"AgrCons"	1	2	4	2	3	2	3	3	4	218.8331114743	119.770679499186	65.3002748731524	4.86349004761904
28	"P4082W"	"S1"	"AgrCons"	1	2	4	2	3	2	3	3	4	218.8331114743	119.770679499186	65.3002748731524	4.86349004761904
29	"P4082W"	"S1"	"AgrCons"	1	2	4	2	3	2	3	3	4	218.8331114743	119.770679499186	65.3002748731524	4.86349004761904
30	"P4082W"	"S1"	"AgrCons"	1	2	4	2	3	2	3	3	4	218.8331114743	119.770679499186	65.3002748731524	4.86349004761904
